0,1511006780000
1,1511606455000
2,1511606455000
3,1515749069000
4,1515749069000
5,1516254965000
6,1516279848000
7,1516279902000
8,1516943422000
9,1517657281000
10,1518128009000
11,1522433164000
12,1522433164000
13,1522904070000
14,1525489450000
15,1526700071000
16,1531904681000
17,1531904735000
18,1533662736000
19,1536116805000
20,1536415816000
21,1536946579000
22,1537477280000
23,1537477334000
24,1538008076000
25,1538008130000
26,1538538858000
27,1540669457000
28,1541405561000
29,1542253464000
30,1542300923000
31,1542518884000
32,1543686895000
33,1544113860000
34,1544201539000
35,1544491800000
36,1545973663000
37,1546233574000
38,1546233627000
39,1546764276000
40,1546764330000
41,1550423529000
42,1550681323000
43,1553398268000
44,1553927980000
45,1553927980000
46,1554458716000
47,1554784096000
48,1555391112000
49,1555520362000
50,1556640484000
51,1556772147000
52,1559532054000
53,1560296744000
54,1561042823000
55,1565155636000
56,1566530824000
57,1567418509000
58,1570549902000
59,1571076285000
60,1571716986000
61,1571886604000
62,1573882815000
63,1573882815000
64,1577228796000
65,1577372656000
66,1577466141000
67,1578501232000
68,1579103220000
69,1580866636000
70,1583035703000
71,1583205207000
72,1584330970000
73,1584332203000
74,1588417656000
75,1588772717000
76,1589387552000
77,1589939701000
78,1590768842000
79,1592190183000
80,1592190183000
81,1592458817000
82,1594536144000
83,1598710292000
84,1598730322000
85,1598985992000
86,1599487527000
87,1600089733000
88,1600703384000
89,1602302746000
90,1603945118000
91,1606232791000
92,1608048464000
93,1608179571000
94,1608528473000
95,1608528473000
96,1608825675000
97,1608925020000
98,1609047853000
99,1609600681000
100,1609953742000
101,1609953742000
102,1609953742000
103,1609953742000
104,1609953742000
105,1617378205000
106,1617378205000
107,1617378205000
108,1617378205000
109,1617378205000
110,1617378205000
111,1617378205000
112,1617378205000
113,1617378205000
114,1617378205000
115,1617378205000
116,1617378205000
117,1617378205000
118,1617378205000
119,1617378205000
120,1617378205000
121,1617378205000
122,1617378205000
123,1617378205000
124,1617378205000
125,1617378205000
126,1617378205000
127,1617378205000
128,1617378205000
129,1617378205000
130,1617378205000
131,1617378205000
132,1617378205000
133,1617378205000
134,1617378205000
135,1617378205000
136,1617378205000
137,1617378205000
138,1617378205000
139,1617378205000
140,1617378205000
141,1617378205000
142,1617378205000
143,1617378205000
144,1617378205000
145,1617378205000
146,1617378205000
147,1617378205000
148,1617378205000
149,1617378205000
150,1617378205000
151,1617378205000
152,1617378205000
153,1617378205000
154,1617378205000
155,1617378205000
156,1617378205000
157,1617378205000
158,1617378205000
159,1617378205000
160,1617378205000
161,1617378205000
162,1617378205000
163,1617378205000
164,1617378205000
165,1617378205000
166,1617378205000
167,1617378205000
168,1617378205000
169,1617378205000
170,1617378205000
171,1617378205000
172,1617378205000
173,1617378205000
174,1617378205000
175,1617378205000
176,1617378205000
177,1617378205000
178,1617378205000
179,1617378205000
180,1617378205000
181,1617378205000
182,1617378205000
183,1617378205000
184,1617378205000
185,1617378205000
186,1617378205000
187,1617378205000
188,1617378205000
189,1617378205000
190,1617378205000
191,1617378205000
192,1617378205000
193,1617378205000
194,1617378205000
195,1617378205000
196,1617378205000
197,1617378205000
198,1617378205000
199,1617378205000
200,1617378205000
201,1617378205000
202,1617378205000
203,1617378205000
204,1617378205000
205,1617378205000
206,1617378205000
207,1617378205000
208,1617378205000
209,1617378205000
210,1617378205000
211,1617378205000
212,1617378205000
213,1617378205000
214,1617378205000
215,1617378205000
216,1617378205000
217,1617378205000
218,1617378205000
219,1617378205000
220,1617378205000
221,1617378205000
222,1617378205000
223,1617378205000
224,1617378205000
225,1617378205000
226,1617378205000
227,1617378205000
228,1617378205000
229,1617378205000
230,1617378205000
231,1617378205000
232,1617378205000
233,1617378205000
234,1617378205000
235,1617378205000
236,1617378205000
237,1617378205000
238,1617378205000
239,1617378205000
240,1617378205000
241,1617378205000
242,1617378205000
243,1617378205000
244,1617378205000
245,1617378205000
246,1617378205000
247,1617378205000
248,1617378205000
249,1617378205000
250,1617378205000
251,1617378205000
252,1617378205000
253,1617378205000
254,1617378205000
255,1617378205000
256,1617378205000
257,1617378205000
258,1617378205000
259,1617378205000
260,1617378205000
261,1617378205000
262,1617378205000
263,1617378205000
264,1617378205000
265,1617378205000
266,1617378205000
267,1617378205000
268,1617378205000
269,1617378205000
270,1617378205000
271,1617378205000
272,1617378205000
273,1617378205000
274,1617378205000
275,1617378205000
276,1617378205000
277,1617378205000
278,1617378205000
279,1617378205000
280,1617378205000
281,1617378205000
282,1617378205000
283,1617378205000
284,1617378205000
285,1617378205000
286,1617378205000
287,1617378205000
288,1617378205000
289,1617378205000
290,1617378205000
291,1617378205000
292,1617378205000
293,1617378205000
294,1617378205000
295,1617378205000
296,1617378205000
297,1617378205000
298,1617378205000
299,1617378205000
300,1617378205000
301,1617378205000
302,1617378205000
303,1617378205000
304,1617378205000
305,1617378205000
306,1617378205000
307,1617378205000
308,1617378205000
309,1617378205000
310,1617378205000
311,1617378205000
312,1617378205000
313,1617378205000
314,1617378205000
315,1617378205000
316,1617378205000
317,1617378205000
318,1617378205000
319,1617378205000
320,1617378205000
321,1617378205000
322,1617378205000
323,1617378205000
324,1617378205000
325,1617378205000
326,1617378205000
327,1617378205000
328,1617378205000
329,1617378205000
330,1617378205000
331,1617378205000
332,1617378205000
333,1617378205000
334,1617378205000
335,1617378205000
336,1617378205000
337,1617378205000
338,1617378205000
339,1617378205000
340,1617378205000
341,1617378205000
342,1617378205000
343,1617378205000
344,1617378205000
345,1617378205000
346,1617378205000
347,1617378205000
348,1617378205000
349,1617378205000
350,1617378205000
351,1617378205000
352,1617378205000
353,1617378205000
354,1617378205000
355,1617378205000
356,1617378205000
357,1617378205000
358,1617378205000
359,1617378205000
360,1617378205000
361,1617378205000
362,1617378205000
363,1617378205000
364,1617378205000
365,1617378205000
366,1617378205000
367,1617378205000
368,1617378205000
369,1617378205000
370,1617378205000
371,1617378205000
372,1617378205000
373,1617378205000
374,1617378205000
375,1617378205000
376,1617378205000
377,1617378205000
378,1617378205000
379,1617378205000
380,1617378205000
381,1617378205000
382,1617378205000
383,1617378205000
384,1617378205000
385,1617378205000
386,1617378205000
387,1617378205000
388,1617378205000
389,1617378205000
390,1617378205000
391,1617378205000
392,1617378205000
393,1617378205000
394,1617378205000
395,1617378205000
396,1617378205000
397,1617378205000
398,1617378205000
399,1617378205000
400,1617378205000
401,1617378205000
402,1617378205000
403,1617378205000
404,1617378205000
405,1617378205000
406,1617378205000
407,1617378205000
408,1617378205000
409,1617378205000
410,1617378205000
411,1617378205000
412,1617378205000
413,1617378205000
414,1617378205000
415,1617378205000
416,1617378205000
417,1617378205000
418,1617378205000
419,1617378205000
420,1617378205000
421,1617378205000
422,1617378205000
423,1617378205000
424,1617378205000
425,1617378205000
426,1617378205000
427,1617378205000
428,1617378205000
429,1617378205000
430,1617378205000
431,1617378205000
432,1617378205000
433,1617378205000
434,1617378205000
435,1617378205000
436,1617378205000
437,1617378205000
438,1617378205000
439,1617378205000
440,1617378205000
441,1617378205000
442,1617378205000
443,1617378205000
444,1617378205000
445,1617378205000
446,1617378205000
447,1617378205000
448,1617378205000
449,1617378205000
450,1617378205000
451,1617378205000
452,1617378205000
453,1617378205000
454,1617378205000
455,1617378205000
456,1617378205000
457,1617378205000
458,1617378205000
459,1617378205000
460,1617378205000
461,1617378205000
462,1617378205000
463,1617378205000
464,1617378205000
465,1617378205000
466,1617378205000
467,1617378205000
468,1617378205000
469,1617378205000
470,1617378205000
471,1617378205000
472,1617378205000
473,1617378205000
474,1617378205000
475,1617378205000
476,1617378205000
477,1617378205000
478,1617378205000
479,1617378205000
480,1617378205000
481,1617378205000
482,1617378205000
483,1617378205000
484,1617378205000
485,1617378205000
486,1617378205000
487,1617378205000
488,1617378205000
489,1617378205000
490,1617378205000
491,1617378205000
492,1617378205000
493,1617378205000
494,1617378205000
495,1617378205000
496,1617378205000
497,1617378205000
498,1617378205000
499,1617378205000
500,1617378205000
501,1617378205000
502,1617378205000
503,1617378205000
504,1617378205000
505,1617378205000
506,1617378205000
507,1617378205000
508,1617378205000
509,1617378205000
510,1617378205000
511,1617378205000
512,1617378205000
513,1617378205000
514,1617378205000
515,1617378205000
516,1617378205000
517,1617378205000
518,1617378205000
519,1617378205000
520,1617378205000
521,1617378205000
522,1617378205000
523,1617378205000
524,1617378205000
525,1617378205000
526,1617378205000
527,1617378205000
528,1617378205000
529,1617378205000
530,1617378205000
531,1617378205000
532,1617378205000
533,1617378205000
534,1617378205000
535,1617378205000
536,1617378205000
537,1617378205000
538,1617378205000
539,1617378205000
540,1617378205000
541,1617378205000
542,1617378205000
543,1617378205000
544,1617378205000
545,1617378205000
546,1617378205000
547,1617378205000
548,1617378205000
549,1617378205000
550,1617378205000
551,1617378205000
552,1617378205000
553,1617378205000
554,1617378205000
555,1617378205000
556,1617378205000
557,1617378205000
558,1617378205000
559,1617378205000
560,1617378205000
561,1617378205000
562,1617378205000
563,1617378205000
564,1617378205000
565,1617378205000
566,1617378205000
567,1617378205000
568,1617378205000
569,1617378205000
570,1617378205000
571,1617378205000
572,1617378205000
573,1617378205000
574,1617378205000
575,1617378205000
576,1617378205000
577,1617378205000
578,1617378205000
579,1617378205000
580,1617378205000
581,1617378205000
582,1617378205000
583,1617378205000
584,1617378205000
585,1617378205000
586,1617378205000
587,1617378205000
588,1617378205000
589,1617378205000
590,1617378205000
591,1617378205000
592,1617378205000
593,1617378205000
594,1617378205000
595,1617378205000
596,1617378205000
597,1617378205000
598,1617378205000
599,1617378205000
600,1617378205000
601,1617378205000
602,1617378205000
603,1617378205000
604,1617378205000
605,1617378205000
606,1617378205000
607,1617378205000
608,1617378205000
609,1617378205000
610,1617378205000
611,1617378205000
612,1617378205000
613,1617378205000
614,1617378205000
615,1617378205000
616,1617378205000
617,1617378205000
618,1617378205000
619,1617378205000
620,1617378205000
621,1617378205000
622,1617378205000
623,1617378205000
624,1617378205000
625,1617378205000
626,1617378205000
627,1617378205000
628,1617378205000
629,1617378205000
630,1617378205000
631,1617378205000
632,1617378205000
633,1617378205000
634,1617378205000
635,1617378205000
636,1617378205000
637,1617378205000
638,1617378205000
639,1617378205000
640,1617378205000
641,1617378205000
642,1617378205000
643,1617378205000
644,1617378205000
645,1617378205000
646,1617378205000
647,1617378205000
648,1617378205000
649,1617378205000
650,1617378205000
651,1617378205000
652,1617378205000
653,1617378205000
654,1617378205000
655,1617378205000
656,1617378205000
657,1617378205000
658,1617378205000
659,1617378205000
660,1617378205000
661,1617378205000
662,1617378205000
663,1617378205000
664,1617378205000
665,1617378205000
666,1617378205000
667,1617378205000
668,1617378205000
669,1617378205000
670,1617378205000
671,1617378205000
672,1617378205000
673,1617378205000
674,1617378205000
675,1617378205000
676,1617378205000
677,1617378205000
678,1617378205000
679,1617378205000
680,1617378205000
681,1617378205000
682,1617378205000
683,1617378205000
684,1617378205000
685,1617378205000
686,1617378205000
687,1617378205000
688,1617378205000
689,1617378205000
690,1617378205000
691,1617378205000
692,1617378205000
693,1617378205000
694,1617378205000
695,1617378205000
696,1617378205000
697,1617378205000
698,1617378205000
699,1617378205000
700,1617378205000
701,1617378205000
702,1617378205000
703,1617378205000
704,1617378205000
705,1617378205000
706,1617378205000
707,1617378205000
708,1617378205000
709,1617378205000
710,1617378205000
711,1617378205000
712,1617378205000
713,1617378205000
714,1617378205000
715,1617378205000
716,1617378205000
717,1617378205000
718,1617378205000
719,1617378205000
720,1617378205000
721,1617378205000
722,1617378205000
723,1617378205000
724,1617378205000
725,1617378205000
726,1617378205000
727,1617378205000
728,1617378205000
729,1617378205000
730,1617378205000
731,1617378205000
732,1617378205000
733,1617378205000
734,1617378205000
735,1617378205000
736,1617378205000
737,1617378205000
738,1617378205000
739,1617378205000
740,1617378205000
741,1617378205000
742,1617378205000
743,1617378205000
744,1617378205000
745,1617378205000
746,1617378205000
747,1617378205000
748,1617378205000
749,1617378205000
750,1617378205000
751,1617378205000
752,1617378205000
753,1617378205000
754,1617378205000
755,1617378205000
756,1617378205000
757,1617378205000
758,1617378205000
759,1617378205000
760,1617378205000
761,1617378205000
762,1617378205000
763,1617378205000
764,1617378205000
765,1617378205000
766,1617378205000
767,1617378205000
768,1617378205000
769,1617378205000
770,1617378205000
771,1617378205000
772,1617378205000
773,1617378205000
774,1617378205000
775,1617378205000
776,1617378205000
777,1617378205000
778,1617378205000
779,1617378205000
780,1617378205000
781,1617378205000
782,1617378205000
783,1617378205000
784,1617378205000
785,1617378205000
786,1617378205000
787,1617378205000
788,1617378205000
789,1617378205000
790,1617378205000
791,1617378205000
792,1617378205000
793,1617378205000
794,1617378205000
795,1617378205000
796,1617378205000
797,1617378205000
798,1617378205000
799,1617378205000
800,1617378205000
801,1617378205000
802,1617378205000
803,1617378205000
804,1617378205000
805,1617378205000
806,1617378205000
807,1617378205000
808,1617378205000
809,1617378205000
810,1617378205000
811,1617378205000
812,1617378205000
813,1617378205000
814,1617378205000
815,1617378205000
816,1617378205000
817,1617378205000
818,1617378205000
819,1617378205000
820,1617378205000
821,1617378205000
822,1617378205000
823,1617378205000
824,1617378205000
825,1617378205000
826,1617378205000
827,1617378205000
828,1617378205000
829,1617378205000
830,1617378205000
831,1617378205000
832,1617378205000
833,1617378205000
834,1617378205000
835,1617378205000
836,1617378205000
837,1617378205000
838,1617378205000
839,1617378205000
840,1617378205000
841,1617378205000
842,1617378205000
843,1617378205000
844,1617378205000
845,1617378205000
846,1617378205000
847,1617378205000
848,1617378205000
849,1617378205000
850,1617378205000
851,1617378205000
852,1617378205000
853,1617378205000
854,1617378205000
855,1617378205000
856,1617378205000
857,1617378205000
858,1617378205000
859,1617378205000
860,1617378205000
861,1617378205000
862,1617378205000
863,1617378205000
864,1617378205000
865,1617378205000
866,1617378205000
867,1617378205000
868,1617378205000
869,1617378205000
870,1617378205000
871,1617378205000
872,1617378205000
873,1617378205000
874,1617378205000
875,1617378205000
876,1617378205000
877,1617378205000
878,1617378205000
879,1617378205000
880,1617378205000
881,1617378205000
882,1617378205000
883,1617378205000
884,1617378205000
885,1617378205000
886,1617378205000
887,1617378205000
888,1617378205000
889,1617378205000
890,1617378205000
891,1617378205000
892,1617378205000
893,1617378205000
894,1617378205000
895,1617378205000
896,1617378205000
897,1617378205000
898,1617378205000
899,1617378205000
900,1617378205000
901,1617378205000
902,1617378205000
903,1617378205000
904,1617378205000
905,1617378205000
906,1617378205000
907,1617378205000
908,1617378205000
909,1617378205000
910,1617378205000
911,1617378205000
912,1617378205000
913,1617378205000
914,1617378205000
915,1617378205000
916,1617378205000
917,1617378205000
918,1617378205000
919,1617378205000
920,1617378205000
921,1617378205000
922,1617378205000
923,1617378205000
924,1617378205000
925,1617378205000
926,1617378205000
927,1617378205000
928,1617378205000
929,1617378205000
930,1617378205000
931,1617378205000
932,1617378205000
933,1617378205000
934,1617378205000
935,1617378205000
936,1617378205000
937,1617378205000
938,1617378205000
939,1617378205000
940,1617378205000
941,1617378205000
942,1617378205000
943,1617378205000
944,1617378205000
945,1617378205000
946,1617378205000
947,1617378205000
948,1617378205000
949,1617378205000
950,1617378205000
951,1617378205000
952,1617378205000
953,1617378205000
954,1617378205000
955,1617378205000
956,1617378205000
957,1617378205000
958,1617378205000
959,1617378205000
960,1617378205000
961,1617378205000
962,1617378205000
963,1617378205000
964,1617378205000
965,1617378205000
966,1617378205000
967,1617378205000
968,1617378205000
969,1617378205000
970,1617378205000
971,1617378205000
972,1617378205000
973,1617378205000
974,1617378205000
975,1617378205000
976,1617378205000
977,1617378205000
978,1617378205000
979,1617378205000
980,1617378205000
981,1617378205000
982,1617378205000
983,1617378205000
984,1617378205000
985,1617378205000
986,1617378205000
987,1617378205000
988,1617378205000
989,1617378205000
990,1617378205000
991,1617378205000
992,1617378205000
993,1617378205000
994,1617378205000
995,1617378205000
996,1617378205000
997,1617378205000
998,1617378205000
999,1617378205000
1000,1617378205000
1001,1617378205000
1002,1617378205000
1003,1617378205000
1004,1617378205000
1005,1617378205000
1006,1617378205000
1007,1617378205000
1008,1617378205000
1009,1617378205000
1010,1617378205000
1011,1617378205000
1012,1617378205000
1013,1617378205000
1014,1617378205000
1015,1617378205000
1016,1617378205000
1017,1617378205000
1018,1617378205000
1019,1617378205000
1020,1617378205000
1021,1617378205000
1022,1617378205000
1023,1617378205000
1024,1617378205000
1025,1617378205000
1026,1617378205000
1027,1617378205000
1028,1617378205000
1029,1617378205000
1030,1617378205000
1031,1617378205000
1032,1617378205000
1033,1617378205000
1034,1617378205000
1035,1617378205000
1036,1617378205000
1037,1617378205000
1038,1617378205000
1039,1617378205000
1040,1617378205000
1041,1617378205000
1042,1617378205000
1043,1617378205000
1044,1617378205000
1045,1617378205000
1046,1617378205000
1047,1617378205000
1048,1617378205000
1049,1617378205000
1050,1617378205000
1051,1617378205000
1052,1617378205000
1053,1617378205000
1054,1617378205000
1055,1617378205000
1056,1617378205000
1057,1617378205000
1058,1617378205000
1059,1617378205000
1060,1617378205000
1061,1617378205000
1062,1617378205000
1063,1617378205000
1064,1617378205000
1065,1617378205000
1066,1617378205000
1067,1617378205000
1068,1617378205000
1069,1617378205000
1070,1617378205000
1071,1617378205000
1072,1617378205000
1073,1617378205000
1074,1617378205000
1075,1617378205000
1076,1617378205000
1077,1617378205000
1078,1617378205000
1079,1617378205000
1080,1617378205000
1081,1617378205000
1082,1617378205000
1083,1617378205000
1084,1617378205000
1085,1617378205000
1086,1617378205000
1087,1617378205000
1088,1617378205000
1089,1617378205000
1090,1617378205000
1091,1617378205000
1092,1617378205000
1093,1617378205000
1094,1617378205000
1095,1617378205000
1096,1617378205000
1097,1617378205000
1098,1617378205000
1099,1617378205000
1100,1617378205000
1101,1617378205000
1102,1617378205000
1103,1617378205000
1104,1617378205000
1105,1617378205000
1106,1617378205000
1107,1617378205000
1108,1617378205000
1109,1617378205000
1110,1617378205000
1111,1617378205000
1112,1617378205000
1113,1617378205000
1114,1617378205000
1115,1617378205000
1116,1617378205000
1117,1617378205000
1118,1617378205000
1119,1617378205000
1120,1617378205000
1121,1617378205000
1122,1617378205000
1123,1617378205000
1124,1617378205000
1125,1617378205000
1126,1617378205000
1127,1617378205000
1128,1617378205000
1129,1617378205000
1130,1617378205000
1131,1617378205000
1132,1617378205000
1133,1617378205000
1134,1617378205000
1135,1617378205000
1136,1617378205000
1137,1617378205000
1138,1617378205000
1139,1617378205000
1140,1617378205000
1141,1617378205000
1142,1617378205000
1143,1617378205000
1144,1617378205000
1145,1617378205000
1146,1617378205000
1147,1617378205000
1148,1617378205000
1149,1617378205000
1150,1617378205000
1151,1617378205000
1152,1617378205000
1153,1617378205000
1154,1617378205000
1155,1617378205000
1156,1617378205000
1157,1617378205000
1158,1617378205000
1159,1617378205000
1160,1617378205000
1161,1617378205000
1162,1617378205000
1163,1617378205000
1164,1617378205000
1165,1617378205000
1166,1617378205000
1167,1617378205000
1168,1617378205000
1169,1617378205000
1170,1617378205000
1171,1617378205000
1172,1617378205000
1173,1617378205000
1174,1617378205000
1175,1617378205000
1176,1617378205000
1177,1617378205000
1178,1617378205000
1179,1617378205000
1180,1617378205000
1181,1617378205000
1182,1617378205000
1183,1617378205000
1184,1617378205000
1185,1617378205000
1186,1617378205000
1187,1617378205000
1188,1617378205000
1189,1617378205000
1190,1617378205000
1191,1617378205000
1192,1617378205000
1193,1617378205000
1194,1617378205000
1195,1617378205000
1196,1617378205000
1197,1617378205000
1198,1617378205000
1199,1617378205000
1200,1617378205000
1201,1617378205000
1202,1617378205000
1203,1617378205000
1204,1617378205000
1205,1617378205000
1206,1617378205000
1207,1617378205000
1208,1617378205000
1209,1617378205000
1210,1617378205000
1211,1617378205000
1212,1617378205000
1213,1617378205000
1214,1617378205000
1215,1617378205000
1216,1617378205000
1217,1617378205000
1218,1617378205000
1219,1617378205000
1220,1617378205000
1221,1617378205000
1222,1617378205000
1223,1617378205000
1224,1617378205000
1225,1617378205000
1226,1617378205000
1227,1617378205000
1228,1617378205000
1229,1617378205000
1230,1617378205000
1231,1617378205000
1232,1617378205000
1233,1617378205000
1234,1617378205000
1235,1617378205000
1236,1617378205000
1237,1617378205000
1238,1617378205000
1239,1617378205000
1240,1617378205000
1241,1617378205000
1242,1617378205000
1243,1617378205000
1244,1617378205000
1245,1617378205000
1246,1617378205000
1247,1617378205000
1248,1617378205000
1249,1617378205000
1250,1617378205000
1251,1617378205000
1252,1617378205000
1253,1617378205000
1254,1617378205000
1255,1617378205000
1256,1617378205000
1257,1617378205000
1258,1617378205000
1259,1617378205000
1260,1617378205000
1261,1617378205000
1262,1617378205000
1263,1617378205000
1264,1617378205000
1265,1617378205000
1266,1617378205000
1267,1617378205000
1268,1617378205000
1269,1617378205000
1270,1617378205000
1271,1617378205000
1272,1617378205000
1273,1617378205000
1274,1617378205000
1275,1617378205000
1276,1617378205000
1277,1617378205000
1278,1617378205000
1279,1617378205000
1280,1617378205000
1281,1617378205000
1282,1617378205000
1283,1617378205000
1284,1617378205000
1285,1617378205000
1286,1617378205000
1287,1617378205000
1288,1617378205000
1289,1617378205000
1290,1617378205000
1291,1617378205000
1292,1617378205000
1293,1617378205000
1294,1617378205000
1295,1617378205000
1296,1617378205000
1297,1617378205000
1298,1617378205000
1299,1617378205000
1300,1617378205000
1301,1617378205000
1302,1617378205000
1303,1617378205000
1304,1617378205000
1305,1617378205000
1306,1617378205000
1307,1617378205000
1308,1617378205000
1309,1617378205000
1310,1617378205000
1311,1617378205000
1312,1617378205000
1313,1617378205000
1314,1617378205000
1315,1617378205000
1316,1617378205000
1317,1617378205000
1318,1617378205000
1319,1617378205000
1320,1617378205000
1321,1617378205000
1322,1617378205000
1323,1617378205000
1324,1617378205000
1325,1617378205000
1326,1617378205000
1327,1617378205000
1328,1617378205000
1329,1617378205000
1330,1617378205000
1331,1617378205000
1332,1617378205000
1333,1617378205000
1334,1617378205000
1335,1617378205000
1336,1617378205000
1337,1617378205000
1338,1617378205000
1339,1617378205000
1340,1617378205000
1341,1617378205000
1342,1617378205000
1343,1617378205000
1344,1617378205000
1345,1617378205000
1346,1617378205000
1347,1617378205000
1348,1617378205000
1349,1617378205000
1350,1617378205000
1351,1617378205000
1352,1617378205000
1353,1617378205000
1354,1617378205000
1355,1617378205000
1356,1617378205000
1357,1617378205000
1358,1617378205000
1359,1617378205000
1360,1617378205000
1361,1617378205000
1362,1617378205000
1363,1617378205000
1364,1617378205000
1365,1617378205000
1366,1617378205000
1367,1617378205000
1368,1617378205000
1369,1617378205000
1370,1617378205000
1371,1617378205000
1372,1617378205000
1373,1617378205000
1374,1617378205000
1375,1617378205000
1376,1617378205000
1377,1617378205000
1378,1617378205000
1379,1617378205000
1380,1617378205000
1381,1617378205000
1382,1617378205000
1383,1617378205000
1384,1617378205000
1385,1617378205000
1386,1617378205000
1387,1617378205000
1388,1617378205000
1389,1617378205000
1390,1617378205000
1391,1617378205000
1392,1617378205000
1393,1617378205000
1394,1617378205000
1395,1617378205000
1396,1617378205000
1397,1617378205000
1398,1617378205000
1399,1617378205000
1400,1617378205000
1401,1617378205000
1402,1617378205000
1403,1617378205000
1404,1617378205000
1405,1617378205000
1406,1617378205000
1407,1617378205000
1408,1617378205000
1409,1617378205000
1410,1617378205000
1411,1617378205000
1412,1617378205000
1413,1617378205000
1414,1617378205000
1415,1617378205000
1416,1617378205000
1417,1617378205000
1418,1617378205000
1419,1617378205000
1420,1617378205000
1421,1617378205000
1422,1617378205000
1423,1617378205000
1424,1617378205000
1425,1617378205000
1426,1617378205000
1427,1617378205000
1428,1617378205000
1429,1617378205000
1430,1617378205000
1431,1617378205000
1432,1617378205000
1433,1617378205000
1434,1617378205000
1435,1617378205000
1436,1617378205000
1437,1617378205000
1438,1617378205000
1439,1617378205000
1440,1617378205000
1441,1617378205000
1442,1617378205000
1443,1617378205000
1444,1617378205000
1445,1617378205000
1446,1617378205000
1447,1617378205000
1448,1617378205000
1449,1617378205000
1450,1617378205000
1451,1617378205000
1452,1617378205000
1453,1617378205000
1454,1617378205000
1455,1617378205000
1456,1617378205000
1457,1617378205000
1458,1617378205000
1459,1617378205000
1460,1617378205000
1461,1617378205000
1462,1617378205000
1463,1617378205000
1464,1617378205000
1465,1617378205000
1466,1617378205000
1467,1617378205000
1468,1617378205000
1469,1617378205000
1470,1617378205000
1471,1617378205000
1472,1617378205000
1473,1617378205000
1474,1617378205000
1475,1617378205000
1476,1617378205000
1477,1617378205000
1478,1617378205000
1479,1617378205000
1480,1617378205000
1481,1617378205000
1482,1617378205000
1483,1617378205000
1484,1617378205000
1485,1617378205000
1486,1617378205000
1487,1617378205000
1488,1617378205000
1489,1617378205000
1490,1617378205000
1491,1617378205000
1492,1617378205000
1493,1617378205000
1494,1617378205000
1495,1617378205000
1496,1617378205000
1497,1617378205000
1498,1617378205000
1499,1617378205000
1500,1617378205000
1501,1617378205000
1502,1617378205000
1503,1617378205000
1504,1617378205000
1505,1617378205000
1506,1617378205000
1507,1617378205000
1508,1617378205000
1509,1617378205000
1510,1617378205000
1511,1617378205000
1512,1617378205000
1513,1617378205000
1514,1617378205000
1515,1617378205000
1516,1617378205000
1517,1617378205000
1518,1617378205000
1519,1617378205000
1520,1617378205000
1521,1617378205000
1522,1617378205000
1523,1617378205000
1524,1617378205000
1525,1617378205000
1526,1617378205000
1527,1617378205000
1528,1617378205000
1529,1617378205000
1530,1617378205000
1531,1617378205000
1532,1617378205000
1533,1617378205000
1534,1617378205000
1535,1617378205000
1536,1617378205000
1537,1617378205000
1538,1617378205000
1539,1617378205000
1540,1617378205000
1541,1617378205000
1542,1617378205000
1543,1617378205000
1544,1617378205000
1545,1617378205000
1546,1617378205000
1547,1617378205000
1548,1617378205000
1549,1617378205000
1550,1617378205000
1551,1617378205000
1552,1617378205000
1553,1617378205000
1554,1617378205000
1555,1617378205000
1556,1617378205000
1557,1617378205000
1558,1617378205000
1559,1617378205000
1560,1617378205000
1561,1617378205000
1562,1617378205000
1563,1617378205000
1564,1617378205000
1565,1617378205000
1566,1617378205000
1567,1617378205000
1568,1617378205000
1569,1617378205000
1570,1617378205000
1571,1617378205000
1572,1617378205000
1573,1617378205000
1574,1617378205000
1575,1617378205000
1576,1617378205000
1577,1617378205000
1578,1617378205000
1579,1617378205000
1580,1617378205000
1581,1617378205000
1582,1617378205000
1583,1617378205000
1584,1617378205000
1585,1617378205000
1586,1617378205000
1587,1617378205000
1588,1617378205000
1589,1617378205000
1590,1617378205000
1591,1617378205000
1592,1617378205000
1593,1617378205000
1594,1617378205000
1595,1617378205000
1596,1617378205000
1597,1617378205000
1598,1617378205000
1599,1617378205000
1600,1617378205000
1601,1617378205000
1602,1617378205000
1603,1617378205000
1604,1617378205000
1605,1617378205000
1606,1617378205000
1607,1617378205000
1608,1617378205000
1609,1617378205000
1610,1617378205000
1611,1617378205000
1612,1617378205000
1613,1617378205000
1614,1617378205000
1615,1617378205000
1616,1617378205000
1617,1617378205000
1618,1617378205000
1619,1617378205000
1620,1617378205000
1621,1617378205000
1622,1617378205000
1623,1617378205000
1624,1617378205000
1625,1617378205000
1626,1617378205000
1627,1617378205000
1628,1617378205000
1629,1617378205000
1630,1617378205000
1631,1617378205000
1632,1617378205000
1633,1617378205000
1634,1617378205000
1635,1617378205000
1636,1617378205000
1637,1617378205000
1638,1617378205000
1639,1617378205000
1640,1617378205000
1641,1617378205000
1642,1617378205000
1643,1617378205000
1644,1617378205000
1645,1617378205000
1646,1617378205000
1647,1617378205000
1648,1617378205000
1649,1617378205000
1650,1617378205000
1651,1617378205000
1652,1617378205000
1653,1617378205000
1654,1617378205000
1655,1617378205000
1656,1617378205000
1657,1617378205000
1658,1617378205000
1659,1617378205000
1660,1617378205000
1661,1617378205000
1662,1617378205000
1663,1617378205000
1664,1617378205000
1665,1617378205000
1666,1617378205000
1667,1617378205000
1668,1617378205000
1669,1617378205000
1670,1617378205000
1671,1617378205000
1672,1617378205000
1673,1617378205000
1674,1617378205000
1675,1617378205000
1676,1617378205000
1677,1617378205000
1678,1617378205000
1679,1617378205000
1680,1617378205000
1681,1617378205000
1682,1617378205000
1683,1617378205000
1684,1617378205000
1685,1617378205000
1686,1617378205000
1687,1617378205000
1688,1617378205000
1689,1617378205000
1690,1617378205000
1691,1617378205000
1692,1617378205000
1693,1617378205000
1694,1617378205000
1695,1617378205000
1696,1617378205000
1697,1617378205000
1698,1617378205000
1699,1617378205000
1700,1617378205000
1701,1617378205000
1702,1617378205000
1703,1617378205000
1704,1617378205000
1705,1617378205000
1706,1617378205000
1707,1617378205000
1708,1617378205000
1709,1617378205000
1710,1617378205000
1711,1617378205000
1712,1617378205000
1713,1617378205000
1714,1617378205000
1715,1617378205000
1716,1617378205000
1717,1617378205000
1718,1617378205000
1719,1617378205000
1720,1617378205000
1721,1617378205000
1722,1617378205000
1723,1617378205000
1724,1617378205000
1725,1617378205000
1726,1617378205000
1727,1617378205000
1728,1617378205000
1729,1617378205000
1730,1617378205000
1731,1617378205000
1732,1617378205000
1733,1617378205000
1734,1617378205000
1735,1617378205000
1736,1617378205000
1737,1617378205000
1738,1617378205000
1739,1617378205000
1740,1617378205000
1741,1617378205000
1742,1617378205000
1743,1617378205000
1744,1617378205000
1745,1617378205000
1746,1617378205000
1747,1617378205000
1748,1617378205000
1749,1617378205000
1750,1617378205000
1751,1617378205000
1752,1617378205000
1753,1617378205000
1754,1617378205000
1755,1617378205000
1756,1617378205000
1757,1617378205000
1758,1617378205000
1759,1617378205000
1760,1617378205000
1761,1617378205000
1762,1617378205000
1763,1617378205000
1764,1617378205000
1765,1617378205000
1766,1617378205000
1767,1617378205000
1768,1617378205000
1769,1617378205000
1770,1617378205000
1771,1617378205000
1772,1617378205000
1773,1617378205000
1774,1617378205000
1775,1617378205000
1776,1617378205000
1777,1617378205000
1778,1617378205000
1779,1617378205000
1780,1617378205000
1781,1617378205000
1782,1617378205000
1783,1617378205000
1784,1617378205000
1785,1617378205000
1786,1617378205000
1787,1617378205000
1788,1617378205000
1789,1617378205000
1790,1617378205000
1791,1617378205000
1792,1617378205000
1793,1617378205000
1794,1617378205000
1795,1617378205000
1796,1617378205000
1797,1617378205000
1798,1617378205000
1799,1617378205000
1800,1617378205000
1801,1617378205000
1802,1617378205000
1803,1617378205000
1804,1617378205000
1805,1617378205000
1806,1617378205000
1807,1617378205000
1808,1617378205000
1809,1617378205000
1810,1617378205000
1811,1617378205000
1812,1617378205000
1813,1617378205000
1814,1617378205000
1815,1617378205000
1816,1617378205000
1817,1617378205000
1818,1617378205000
1819,1617378205000
1820,1617378205000
1821,1617378205000
1822,1617378205000
1823,1617378205000
1824,1617378205000
1825,1617378205000
1826,1617378205000
1827,1617378205000
1828,1617378205000
1829,1617378205000
1830,1617378205000
1831,1617378205000
1832,1617378205000
1833,1617378205000
1834,1617378205000
1835,1617378205000
1836,1617378205000
1837,1617378205000
1838,1617378205000
1839,1617378205000
1840,1617378205000
1841,1617378205000
1842,1617378205000
1843,1617378205000
1844,1617378205000
1845,1617378205000
1846,1617378205000
1847,1617378205000
1848,1617378205000
1849,1617378205000
1850,1617378205000
1851,1617378205000
1852,1617378205000
1853,1617378205000
1854,1617378205000
1855,1617378205000
1856,1617378205000
1857,1617378205000
1858,1617378205000
1859,1617378205000
1860,1617378205000
1861,1617378205000
1862,1617378205000
1863,1617378205000
1864,1617378205000
1865,1617378205000
1866,1617378205000
1867,1617378205000
1868,1617378205000
1869,1617378205000
1870,1617378205000
1871,1617378205000
1872,1617378205000
1873,1617378205000
1874,1617378205000
1875,1617378205000
1876,1617378205000
1877,1617378205000
1878,1617378205000
1879,1617378205000
1880,1617378205000
1881,1617378205000
1882,1617378205000
1883,1617378205000
1884,1617378205000
1885,1617378205000
1886,1617378205000
1887,1617378205000
1888,1617378205000
1889,1617378205000
1890,1617378205000
1891,1617378205000
1892,1617378205000
1893,1617378205000
1894,1617378205000
1895,1617378205000
1896,1617378205000
1897,1617378205000
1898,1617378205000
1899,1617378205000
1900,1617378205000
1901,1617378205000
1902,1617378205000
1903,1617378205000
1904,1617378205000
1905,1617378205000
1906,1617378205000
1907,1617378205000
1908,1617378205000
1909,1617378205000
1910,1617378205000
1911,1617378205000
1912,1617378205000
1913,1617378205000
1914,1617378205000
1915,1617378205000
1916,1617378205000
1917,1617378205000
1918,1617378205000
1919,1617378205000
1920,1617378205000
1921,1617378205000
1922,1617378205000
1923,1617378205000
1924,1617378205000
1925,1617378205000
1926,1617378205000
1927,1617378205000
1928,1617378205000
1929,1617378205000
1930,1617378205000
1931,1617378205000
1932,1617378205000
1933,1617378205000
1934,1617378205000
1935,1617378205000
1936,1617378205000
1937,1617378205000
1938,1617378205000
1939,1617378205000
1940,1617378205000
1941,1617378205000
1942,1617378205000
1943,1617378205000
1944,1617378205000
1945,1617378205000
1946,1617378205000
1947,1617378205000
1948,1617378205000
1949,1617378205000
1950,1617378205000
1951,1617378205000
1952,1617378205000
1953,1617378205000
1954,1617378205000
1955,1617378205000
1956,1617378205000
1957,1617378205000
1958,1617378205000
1959,1617378205000
1960,1617378205000
1961,1617378205000
1962,1617378205000
1963,1617378205000
1964,1617378205000
1965,1617378205000
1966,1617378205000
1967,1617378205000
1968,1617378205000
1969,1617378205000
1970,1617378205000
1971,1617378205000
1972,1617378205000
1973,1617378205000
1974,1617378205000
1975,1617378205000
1976,1617378205000
1977,1617378205000
1978,1617378205000
1979,1617378205000
1980,1617378205000
1981,1617378205000
1982,1617378205000
1983,1617378205000
1984,1617378205000
1985,1617378205000
1986,1617378205000
1987,1617378205000
1988,1617378205000
1989,1617378205000
1990,1617378205000
1991,1617378205000
1992,1617378205000
1993,1617378205000
1994,1617378205000
1995,1617378205000
1996,1617378205000
1997,1617378205000
1998,1617378205000
1999,1617378205000
2000,1617378205000
2001,1617378205000
2002,1617378205000
2003,1617378205000
2004,1617378205000
2005,1617378205000
2006,1617378205000
2007,1617378205000
2008,1617378205000
2009,1617378205000
2010,1617378205000
2011,1617378205000
2012,1617378205000
2013,1617378205000
2014,1617378205000
2015,1617378205000
2016,1617378205000
2017,1617378205000
2018,1617378205000
2019,1617378205000
2020,1617378205000
2021,1617378205000
2022,1617378205000
2023,1617378205000
2024,1617378205000
2025,1617378205000
2026,1617378205000
2027,1617378205000
2028,1617378205000
2029,1617378205000
2030,1617378205000
2031,1617378205000
2032,1617378205000
2033,1617378205000
2034,1617378205000
2035,1617378205000
2036,1617378205000
2037,1617378205000
2038,1617378205000
2039,1617378205000
2040,1617378205000
2041,1617378205000
2042,1617378205000
2043,1617378205000
2044,1617378205000
2045,1617378205000
2046,1617378205000
2047,1617378205000
2048,1617378205000
2049,1617378205000
2050,1617378205000
2051,1617378205000
2052,1617378205000
2053,1617378205000
2054,1617378205000
2055,1617378205000
2056,1617378205000
2057,1617378205000
2058,1617378205000
2059,1617378205000
2060,1617378205000
2061,1617378205000
2062,1617378205000
2063,1617378205000
2064,1617378205000
2065,1617378205000
2066,1617378205000
2067,1617378205000
2068,1617378205000
2069,1617378205000
2070,1617378205000
2071,1617378205000
2072,1617378205000
2073,1617378205000
2074,1617378205000
2075,1617378205000
2076,1617378205000
2077,1617378205000
2078,1617378205000
2079,1617378205000
2080,1617378205000
2081,1617378205000
2082,1617378205000
2083,1617378205000
2084,1617378205000
2085,1617378205000
2086,1617378205000
2087,1617378205000
2088,1617378205000
2089,1617378205000
2090,1617378205000
2091,1617378205000
2092,1617378205000
2093,1617378205000
2094,1617378205000
2095,1617378205000
2096,1617378205000
2097,1617378205000
2098,1617378205000
2099,1617378205000
2100,1617378205000
2101,1617378205000
2102,1617378205000
2103,1617378205000
2104,1617378205000
2105,1617378205000
2106,1617378205000
2107,1617378205000
2108,1617378205000
2109,1617378205000
2110,1617378205000
2111,1617378205000
2112,1617378205000
2113,1617378205000
2114,1617378205000
2115,1617378205000
2116,1617378205000
2117,1617378205000
2118,1617378205000
2119,1617378205000
2120,1617378205000
2121,1617378205000
2122,1617378205000
2123,1617378205000
2124,1617378205000
2125,1617378205000
2126,1617378205000
2127,1617378205000
2128,1617378205000
2129,1617378205000
2130,1617378205000
2131,1617378205000
2132,1617378205000
2133,1617378205000
2134,1617378205000
2135,1617378205000
2136,1617378205000
2137,1617378205000
2138,1617378205000
2139,1617378205000
2140,1617378205000
2141,1617378205000
2142,1617378205000
2143,1617378205000
2144,1617378205000
2145,1617378205000
2146,1617378205000
2147,1617378205000
2148,1617378205000
2149,1617378205000
2150,1617378205000
2151,1617378205000
2152,1617378205000
2153,1617378205000
2154,1617378205000
2155,1617378205000
2156,1617378205000
2157,1617378205000
2158,1617378205000
2159,1617378205000
2160,1617378205000
2161,1617378205000
2162,1617378205000
2163,1617378205000
2164,1617378205000
2165,1617378205000
2166,1617378205000
2167,1617378205000
2168,1617378205000
2169,1617378205000
2170,1617378205000
2171,1617378205000
2172,1617378205000
2173,1617378205000
2174,1617378205000
2175,1617378205000
2176,1617378205000
2177,1617378205000
2178,1617378205000
2179,1617378205000
2180,1617378205000
2181,1617378205000
2182,1617378205000
2183,1617378205000
2184,1617378205000
2185,1617378205000
2186,1617378205000
2187,1617378205000
2188,1617378205000
2189,1617378205000
2190,1617378205000
2191,1617378205000
2192,1617378205000
2193,1617378205000
2194,1617378205000
2195,1617378205000
2196,1617378205000
2197,1617378205000
2198,1617378205000
2199,1617378205000
2200,1617378205000
2201,1617378205000
2202,1617378205000
2203,1617378205000
2204,1617378205000
2205,1617378205000
2206,1617378205000
2207,1617378205000
2208,1617378205000
2209,1617378205000
2210,1617378205000
2211,1617378205000
2212,1617378205000
2213,1617378205000
2214,1617378205000
2215,1617378205000
2216,1617378205000
2217,1617378205000
2218,1617378205000
2219,1617378205000
2220,1617378205000
2221,1617378205000
2222,1617378205000
2223,1617378205000
2224,1617378205000
2225,1617378205000
2226,1617378205000
2227,1617378205000
2228,1617378205000
2229,1617378205000
2230,1617378205000
2231,1617378205000
2232,1617378205000
2233,1617378205000
2234,1617378205000
2235,1617378205000
2236,1617378205000
2237,1617378205000
2238,1617378205000
2239,1617378205000
2240,1617378205000
2241,1617378205000
2242,1617378205000
2243,1617378205000
2244,1617378205000
2245,1617378205000
2246,1617378205000
2247,1617378205000
2248,1617378205000
2249,1617378205000
2250,1617378205000
2251,1617378205000
2252,1617378205000
2253,1617378205000
2254,1617378205000
2255,1617378205000
2256,1617378205000
2257,1617378205000
2258,1617378205000
2259,1617378205000
2260,1617378205000
2261,1617378205000
2262,1617378205000
2263,1617378205000
2264,1617378205000
2265,1617378205000
2266,1617378205000
2267,1617378205000
2268,1617378205000
2269,1617378205000
2270,1617378205000
2271,1617378205000
2272,1617378205000
2273,1617378205000
2274,1617378205000
2275,1617378205000
2276,1617378205000
2277,1617378205000
2278,1617378205000
2279,1617378205000
2280,1617378205000
2281,1617378205000
2282,1617378205000
2283,1617378205000
2284,1617378205000
2285,1617378205000
2286,1617378205000
2287,1617378205000
2288,1617378205000
2289,1617378205000
2290,1617378205000
2291,1617378205000
2292,1617378205000
2293,1617378205000
2294,1617378205000
2295,1617378205000
2296,1617378205000
2297,1617378205000
2298,1617378205000
2299,1617378205000
2300,1617378205000
2301,1617378205000
2302,1617378205000
2303,1617378205000
2304,1617378205000
2305,1617378205000
2306,1617378205000
2307,1617378205000
2308,1617378205000
2309,1617378205000
2310,1617378205000
2311,1617378205000
2312,1617378205000
2313,1617378205000
2314,1617378205000
2315,1617378205000
2316,1617378205000
2317,1617378205000
2318,1617378205000
2319,1617378205000
2320,1617378205000
2321,1617378205000
2322,1617378205000
2323,1617378205000
2324,1617378205000
2325,1617378205000
2326,1617378205000
2327,1617378205000
2328,1617378205000
2329,1617378205000
2330,1617378205000
2331,1617378205000
2332,1617378205000
2333,1617378205000
2334,1617378205000
2335,1617378205000
2336,1617378205000
2337,1617378205000
2338,1617378205000
2339,1617378205000
2340,1617378205000
2341,1617378205000
2342,1617378205000
2343,1617378205000
2344,1617378205000
2345,1617378205000
2346,1617378205000
2347,1617378205000
2348,1617378205000
2349,1617378205000
2350,1617378205000
2351,1617378205000
2352,1617378205000
2353,1617378205000
2354,1617378205000
2355,1617378205000
2356,1617378205000
2357,1617378205000
2358,1617378205000
2359,1617378205000
2360,1617378205000
2361,1617378205000
2362,1617378205000
2363,1617378205000
2364,1617378205000
2365,1617378205000
2366,1617378205000
2367,1617378205000
2368,1617378205000
2369,1617378205000
2370,1617378205000
2371,1617378205000
2372,1617378205000
2373,1617378205000
2374,1617378205000
2375,1617378205000
2376,1617378205000
2377,1617378205000
2378,1617378205000
2379,1617378205000
2380,1617378205000
2381,1617378205000
2382,1617378205000
2383,1617378205000
2384,1617378205000
2385,1617378205000
2386,1617378205000
2387,1617378205000
2388,1617378205000
2389,1617378205000
2390,1617378205000
2391,1617378205000
2392,1617378205000
2393,1617378205000
2394,1617378205000
2395,1617378205000
2396,1617378205000
2397,1617378205000
2398,1617378205000
2399,1617378205000
2400,1617378205000
2401,1617378205000
2402,1617378205000
2403,1617378205000
2404,1617378205000
2405,1617378205000
2406,1617378205000
2407,1617378205000
2408,1617378205000
2409,1617378205000
2410,1617378205000
2411,1617378205000
2412,1617378205000
2413,1617378205000
2414,1617378205000
2415,1617378205000
2416,1617378205000
2417,1617378205000
2418,1617378205000
2419,1617378205000
2420,1617378205000
2421,1617378205000
2422,1617378205000
2423,1617378205000
2424,1617378205000
2425,1617378205000
2426,1617378205000
2427,1617378205000
2428,1617378205000
2429,1617378205000
2430,1617378205000
2431,1617378205000
2432,1617378205000
2433,1617378205000
2434,1617378205000
2435,1617378205000
2436,1617378205000
2437,1617378205000
2438,1617378205000
2439,1617378205000
2440,1617378205000
2441,1617378205000
2442,1617378205000
2443,1617378205000
2444,1617378205000
2445,1617378205000
2446,1617378205000
2447,1617378205000
2448,1617378205000
2449,1617378205000
2450,1617378205000
2451,1617378205000
2452,1617378205000
2453,1617378205000
2454,1617378205000
2455,1617378205000
2456,1617378205000
2457,1617378205000
2458,1617378205000
2459,1617378205000
2460,1617378205000
2461,1617378205000
2462,1617378205000
2463,1617378205000
2464,1617378205000
2465,1617378205000
2466,1617378205000
2467,1617378205000
2468,1617378205000
2469,1617378205000
2470,1617378205000
2471,1617378205000
2472,1617378205000
2473,1617378205000
2474,1617378205000
2475,1617378205000
2476,1617378205000
2477,1617378205000
2478,1617378205000
2479,1617378205000
2480,1617378205000
2481,1617378205000
2482,1617378205000
2483,1617378205000
2484,1617378205000
2485,1617378205000
2486,1617378205000
2487,1617378205000
2488,1617378205000
2489,1617378205000
2490,1617378205000
2491,1617378205000
2492,1617378205000
2493,1617378205000
2494,1617378205000
2495,1617378205000
2496,1617378205000
2497,1617378205000
2498,1617378205000
2499,1617378205000
2500,1617378205000
2501,1617378205000
2502,1617378205000
2503,1617378205000
2504,1617378205000
2505,1617378205000
2506,1617378205000
2507,1617378205000
2508,1617378205000
2509,1617378205000
2510,1617378205000
2511,1617378205000
2512,1617378205000
2513,1617378205000
2514,1617378205000
2515,1617378205000
2516,1617378205000
2517,1617378205000
2518,1617378205000
2519,1617378205000
2520,1617378205000
2521,1617378205000
2522,1617378205000
2523,1617378205000
2524,1617378205000
2525,1617378205000
2526,1617378205000
2527,1617378205000
2528,1617378205000
2529,1617378205000
2530,1617378205000
2531,1617378205000
2532,1617378205000
2533,1617378205000
2534,1617378205000
2535,1617378205000
2536,1617378205000
2537,1617378205000
2538,1617378205000
2539,1617378205000
2540,1617378205000
2541,1617378205000
2542,1617378205000
2543,1617378205000
2544,1617378205000
2545,1617378205000
2546,1617378205000
2547,1617378205000
2548,1617378205000
2549,1617378205000
2550,1617378205000
2551,1617378205000
2552,1617378205000
2553,1617378205000
2554,1617378205000
2555,1617378205000
2556,1617378205000
2557,1617378205000
2558,1617378205000
2559,1617378205000
2560,1617378205000
2561,1617378205000
2562,1617378205000
2563,1617378205000
2564,1617378205000
2565,1617378205000
2566,1617378205000
2567,1617378205000
2568,1617378205000
2569,1617378205000
2570,1617378205000
2571,1617378205000
2572,1617378205000
2573,1617378205000
2574,1617378205000
2575,1617378205000
2576,1617378205000
2577,1617378205000
2578,1617378205000
2579,1617378205000
2580,1617378205000
2581,1617378205000
2582,1617378205000
2583,1617378205000
2584,1617378205000
2585,1617378205000
2586,1617378205000
2587,1617378205000
2588,1617378205000
2589,1617378205000
2590,1617378205000
2591,1617378205000
2592,1617378205000
2593,1617378205000
2594,1617378205000
2595,1617378205000
2596,1617378205000
2597,1617378205000
2598,1617378205000
2599,1617378205000
2600,1617378205000
2601,1617378205000
2602,1617378205000
2603,1617378205000
2604,1617378205000
2605,1617378205000
2606,1617378205000
2607,1617378205000
2608,1617378205000
2609,1617378205000
2610,1617378205000
2611,1617378205000
2612,1617378205000
2613,1617378205000
2614,1617378205000
2615,1617378205000
2616,1617378205000
2617,1617378205000
2618,1617378205000
2619,1617378205000
2620,1617378205000
2621,1617378205000
2622,1617378205000
2623,1617378205000
2624,1617378205000
2625,1617378205000
2626,1617378205000
2627,1617378205000
2628,1617378205000
2629,1617378205000
2630,1617378205000
2631,1617378205000
2632,1617378205000
2633,1617378205000
2634,1617378205000
2635,1617378205000
2636,1617378205000
2637,1617378205000
2638,1617378205000
2639,1617378205000
2640,1617378205000
2641,1617378205000
2642,1617378205000
2643,1617378205000
2644,1617378205000
2645,1617378205000
2646,1617378205000
2647,1617378205000
2648,1617378205000
2649,1617378205000
2650,1617378205000
2651,1617378205000
2652,1617378205000
2653,1617378205000
2654,1617378205000
2655,1617378205000
2656,1617378205000
2657,1617378205000
2658,1617378205000
2659,1617378205000
2660,1617378205000
2661,1617378205000
2662,1617378205000
2663,1617378205000
2664,1617378205000
2665,1617378205000
2666,1617378205000
2667,1617378205000
2668,1617378205000
2669,1617378205000
2670,1617378205000
2671,1617378205000
2672,1617378205000
2673,1617378205000
2674,1617378205000
2675,1617378205000
2676,1617378205000
2677,1617378205000
2678,1617378205000
2679,1617378205000
2680,1617378205000
2681,1617378205000
2682,1617378205000
2683,1617378205000
2684,1617378205000
2685,1617378205000
2686,1617378205000
2687,1617378205000
2688,1617378205000
2689,1617378205000
2690,1617378205000
2691,1617378205000
2692,1617378205000
2693,1617378205000
2694,1617378205000
2695,1617378205000
2696,1617378205000
2697,1617378205000
2698,1617378205000
2699,1617378205000
2700,1617378205000
2701,1617378205000
2702,1617378205000
2703,1617378205000
2704,1617378205000
2705,1617378205000
2706,1617378205000
2707,1617378205000
2708,1617378205000
2709,1617378205000
2710,1617378205000
2711,1617378205000
2712,1617378205000
2713,1617378205000
2714,1617378205000
2715,1617378205000
2716,1617378205000
2717,1617378205000
2718,1617378205000
2719,1617378205000
2720,1617378205000
2721,1617378205000
2722,1617378205000
2723,1617378205000
2724,1617378205000
2725,1617378205000
2726,1617378205000
2727,1617378205000
2728,1617378205000
2729,1617378205000
2730,1617378205000
2731,1617378205000
2732,1617378205000
2733,1617378205000
2734,1617378205000
2735,1617378205000
2736,1617378205000
2737,1617378205000
2738,1617378205000
2739,1617378205000
2740,1617378205000
2741,1617378205000
2742,1617378205000
2743,1617378205000
2744,1617378205000
2745,1617378205000
2746,1617378205000
2747,1617378205000
2748,1617378205000
2749,1617378205000
2750,1617378205000
2751,1617378205000
2752,1617378205000
2753,1617378205000
2754,1617378205000
2755,1617378205000
2756,1617378205000
2757,1617378205000
2758,1617378205000
2759,1617378205000
2760,1617378205000
2761,1617378205000
2762,1617378205000
2763,1617378205000
2764,1617378205000
2765,1617378205000
2766,1617378205000
2767,1617378205000
2768,1617378205000
2769,1617378205000
2770,1617378205000
2771,1617378205000
2772,1617378205000
2773,1617378205000
2774,1617378205000
2775,1617378205000
2776,1617378205000
2777,1617378205000
2778,1617378205000
2779,1617378205000
2780,1617378205000
2781,1617378205000
2782,1617378205000
2783,1617378205000
2784,1617378205000
2785,1617378205000
2786,1617378205000
2787,1617378205000
2788,1617378205000
2789,1617378205000
2790,1617378205000
2791,1617378205000
2792,1617378205000
2793,1617378205000
2794,1617378205000
2795,1617378205000
2796,1617378205000
2797,1617378205000
2798,1617378205000
2799,1617378205000
2800,1617378205000
2801,1617378205000
2802,1617378205000
2803,1617378205000
2804,1617378205000
2805,1617378205000
2806,1617378205000
2807,1617378205000
2808,1617378205000
2809,1617378205000
2810,1617378205000
2811,1617378205000
2812,1617378205000
2813,1617378205000
2814,1617378205000
2815,1617378205000
2816,1617378205000
2817,1617378205000
2818,1617378205000
2819,1617378205000
2820,1617378205000
2821,1617378205000
2822,1617378205000
2823,1617378205000
2824,1617378205000
2825,1617378205000
2826,1617378205000
2827,1617378205000
2828,1617378205000
2829,1617378205000
2830,1617378205000
2831,1617378205000
2832,1617378205000
2833,1617378205000
2834,1617378205000
2835,1617378205000
2836,1617378205000
2837,1617378205000
2838,1617378205000
2839,1617378205000
2840,1617378205000
2841,1617378205000
2842,1617378205000
2843,1617378205000
2844,1617378205000
2845,1617378205000
2846,1617378205000
2847,1617378205000
2848,1617378205000
2849,1617378205000
2850,1617378205000
2851,1617378205000
2852,1617378205000
2853,1617378205000
2854,1617378205000
2855,1617378205000
2856,1617378205000
2857,1617378205000
2858,1617378205000
2859,1617378205000
2860,1617378205000
2861,1617378205000
2862,1617378205000
2863,1617378205000
2864,1617378205000
2865,1617378205000
2866,1617378205000
2867,1617378205000
2868,1617378205000
2869,1617378205000
2870,1617378205000
2871,1617378205000
2872,1617378205000
2873,1617378205000
2874,1617378205000
2875,1617378205000
2876,1617378205000
2877,1617378205000
2878,1617378205000
2879,1617378205000
2880,1617378205000
2881,1617378205000
2882,1617378205000
2883,1617378205000
2884,1617378205000
2885,1617378205000
2886,1617378205000
2887,1617378205000
2888,1617378205000
2889,1617378205000
2890,1617378205000
2891,1617378205000
2892,1617378205000
2893,1617378205000
2894,1617378205000
2895,1617378205000
2896,1617378205000
2897,1617378205000
2898,1617378205000
2899,1617378205000
2900,1617378205000
2901,1617378205000
2902,1617378205000
2903,1617378205000
2904,1617378205000
2905,1617378205000
2906,1617378205000
2907,1617378205000
2908,1617378205000
2909,1617378205000
2910,1617378205000
2911,1617378205000
2912,1617378205000
2913,1617378205000
2914,1617378205000
2915,1617378205000
2916,1617378205000
2917,1617378205000
2918,1617378205000
2919,1617378205000
2920,1617378205000
2921,1617378205000
2922,1617378205000
2923,1617378205000
2924,1617378205000
2925,1617378205000
2926,1617378205000
2927,1617378205000
2928,1617378205000
2929,1617378205000
2930,1617378205000
2931,1617378205000
2932,1617378205000
2933,1617378205000
2934,1617378205000
2935,1617378205000
2936,1617378205000
2937,1617378205000
2938,1617378205000
2939,1617378205000
2940,1617378205000
2941,1617378205000
2942,1617378205000
2943,1617378205000
2944,1617378205000
2945,1617378205000
2946,1617378205000
2947,1617378205000
2948,1617378205000
2949,1617378205000
2950,1617378205000
2951,1617378205000
2952,1617378205000
2953,1617378205000
2954,1617378205000
2955,1617378205000
2956,1617378205000
2957,1617378205000
2958,1617378205000
2959,1617378205000
2960,1617378205000
2961,1617378205000
2962,1617378205000
2963,1617378205000
2964,1617378205000
2965,1617378205000
2966,1617378205000
2967,1617378205000
2968,1617378205000
2969,1617378205000
2970,1617378205000
2971,1617378205000
2972,1617378205000
2973,1617378205000
2974,1617378205000
2975,1617378205000
2976,1617378205000
2977,1617378205000
2978,1617378205000
2979,1617378205000
2980,1617378205000
2981,1617378205000
2982,1617378205000
2983,1617378205000
2984,1617378205000
2985,1617378205000
2986,1617378205000
2987,1617378205000
2988,1617378205000
2989,1617378205000
2990,1617378205000
2991,1617378205000
2992,1617378205000
2993,1617378205000
2994,1617378205000
2995,1617378205000
2996,1617378205000
2997,1617378205000
2998,1617378205000
2999,1617378205000
3000,1617378205000
3001,1617378205000
3002,1617378205000
3003,1617378205000
3004,1617378205000
3005,1617378205000
3006,1617378205000
3007,1617378205000
3008,1617378205000
3009,1617378205000
3010,1617378205000
3011,1617378205000
3012,1617378205000
3013,1617378205000
3014,1617378205000
3015,1617378205000
3016,1617378205000
3017,1617378205000
3018,1617378205000
3019,1617378205000
3020,1617378205000
3021,1617378205000
3022,1617378205000
3023,1617378205000
3024,1617378205000
3025,1617378205000
3026,1617378205000
3027,1617378205000
3028,1617378205000
3029,1617378205000
3030,1617378205000
3031,1617378205000
3032,1617378205000
3033,1617378205000
3034,1617378205000
3035,1617378205000
3036,1617378205000
3037,1617378205000
3038,1617378205000
3039,1617378205000
3040,1617378205000
3041,1617378205000
3042,1617378205000
3043,1617378205000
3044,1617378205000
3045,1617378205000
3046,1617378205000
3047,1617378205000
3048,1617378205000
3049,1617378205000
3050,1617378205000
3051,1617378205000
3052,1617378205000
3053,1617378205000
3054,1617378205000
3055,1617378205000
3056,1617378205000
3057,1617378205000
3058,1617378205000
3059,1617378205000
3060,1617378205000
3061,1617378205000
3062,1617378205000
3063,1617378205000
3064,1617378205000
3065,1617378205000
3066,1617378205000
3067,1617378205000
3068,1617378205000
3069,1617378205000
3070,1617378205000
3071,1617378205000
3072,1617378205000
3073,1617378205000
3074,1617378205000
3075,1617378205000
3076,1617378205000
3077,1617378205000
3078,1617378205000
3079,1617378205000
3080,1617378205000
3081,1617378205000
3082,1617378205000
3083,1617378205000
3084,1617378205000
3085,1617378205000
3086,1617378205000
3087,1617378205000
3088,1617378205000
3089,1617378205000
3090,1617378205000
3091,1617378205000
3092,1617378205000
3093,1617378205000
3094,1617378205000
3095,1617378205000
3096,1617378205000
3097,1617378205000
3098,1617378205000
3099,1617378205000
3100,1617378205000
3101,1617378205000
3102,1617378205000
3103,1617378205000
3104,1617378205000
3105,1617378205000
3106,1617378205000
3107,1617378205000
3108,1617378205000
3109,1617378205000
3110,1617378205000
3111,1617378205000
3112,1617378205000
3113,1617378205000
3114,1617378205000
3115,1617378205000
3116,1617378205000
3117,1617378205000
3118,1617378205000
3119,1617378205000
3120,1617378205000
3121,1617378205000
3122,1617378205000
3123,1617378205000
3124,1617378205000
3125,1617378205000
3126,1617378205000
3127,1617378205000
3128,1617378205000
3129,1617378205000
3130,1617378205000
3131,1617378205000
3132,1617378205000
3133,1617378205000
3134,1617378205000
3135,1617378205000
3136,1617378205000
3137,1617378205000
3138,1617378205000
3139,1617378205000
3140,1617378205000
3141,1617378205000
3142,1617378205000
3143,1617378205000
3144,1617378205000
3145,1617378205000
3146,1617378205000
3147,1617378205000
3148,1617378205000
3149,1617378205000
3150,1617378205000
3151,1617378205000
3152,1617378205000
3153,1617378205000
3154,1617378205000
3155,1617378205000
3156,1617378205000
3157,1617378205000
3158,1617378205000
3159,1617378205000
3160,1617378205000
3161,1617378205000
3162,1617378205000
3163,1617378205000
3164,1617378205000
3165,1617378205000
3166,1617378205000
3167,1617378205000
3168,1617378205000
3169,1617378205000
3170,1617378205000
3171,1617378205000
3172,1617378205000
3173,1617378205000
3174,1617378205000
3175,1617378205000
3176,1617378205000
3177,1617378205000
3178,1617378205000
3179,1617378205000
3180,1617378205000
3181,1617378205000
3182,1617378205000
3183,1617378205000
3184,1617378205000
3185,1617378205000
3186,1617378205000
3187,1617378205000
3188,1617378205000
3189,1617378205000
3190,1617378205000
3191,1617378205000
3192,1617378205000
3193,1617378205000
3194,1617378205000
3195,1617378205000
3196,1617378205000
3197,1617378205000
3198,1617378205000
3199,1617378205000
3200,1617378205000
3201,1617378205000
3202,1617378205000
3203,1617378205000
3204,1617378205000
3205,1617378205000
3206,1617378205000
3207,1617378205000
3208,1617378205000
3209,1617378205000
3210,1617378205000
3211,1617378205000
3212,1617378205000
3213,1617378205000
3214,1617378205000
3215,1617378205000
3216,1617378205000
3217,1617378205000
3218,1617378205000
3219,1617378205000
3220,1617378205000
3221,1617378205000
3222,1617378205000
3223,1617378205000
3224,1617378205000
3225,1617378205000
3226,1617378205000
3227,1617378205000
3228,1617378205000
3229,1617378205000
3230,1617378205000
3231,1617378205000
3232,1617378205000
3233,1617378205000
3234,1617378205000
3235,1617378205000
3236,1617378205000
3237,1617378205000
3238,1617378205000
3239,1617378205000
3240,1617378205000
3241,1617378205000
3242,1617378205000
3243,1617378205000
3244,1617378205000
3245,1617378205000
3246,1617378205000
3247,1617378205000
3248,1617378205000
3249,1617378205000
3250,1617378205000
3251,1617378205000
3252,1617378205000
3253,1617378205000
3254,1617378205000
3255,1617378205000
3256,1617378205000
3257,1617378205000
3258,1617378205000
3259,1617378205000
3260,1617378205000
3261,1617378205000
3262,1617378205000
3263,1617378205000
3264,1617378205000
3265,1617378205000
3266,1617378205000
3267,1617378205000
3268,1617378205000
3269,1617378205000
3270,1617378205000
3271,1617378205000
3272,1617378205000
3273,1617378205000
3274,1617378205000
3275,1617378205000
3276,1617378205000
3277,1617378205000
3278,1617378205000
3279,1617378205000
3280,1617378205000
3281,1617378205000
3282,1617378205000
3283,1617378205000
3284,1617378205000
3285,1617378205000
3286,1617378205000
3287,1617378205000
3288,1617378205000
3289,1617378205000
3290,1617378205000
3291,1617378205000
3292,1617378205000
3293,1617378205000
3294,1617378205000
3295,1617378205000
3296,1617378205000
3297,1617378205000
3298,1617378205000
3299,1617378205000
3300,1617378205000
3301,1617378205000
3302,1617378205000
3303,1617378205000
3304,1617378205000
3305,1617378205000
3306,1617378205000
3307,1617378205000
3308,1617378205000
3309,1617378205000
3310,1617378205000
3311,1617378205000
3312,1617378205000
3313,1617378205000
3314,1617378205000
3315,1617378205000
3316,1617378205000
3317,1617378205000
3318,1617378205000
3319,1617378205000
3320,1617378205000
3321,1617378205000
3322,1617378205000
3323,1617378205000
3324,1617378205000
3325,1617378205000
3326,1617378205000
3327,1617378205000
3328,1617378205000
3329,1617378205000
3330,1617378205000
3331,1617378205000
3332,1617378205000
3333,1617378205000
3334,1617378205000
3335,1617378205000
3336,1617378205000
3337,1617378205000
3338,1617378205000
3339,1617378205000
3340,1617378205000
3341,1617378205000
3342,1617378205000
3343,1617378205000
3344,1617378205000
3345,1617378205000
3346,1617378205000
3347,1617378205000
3348,1617378205000
3349,1617378205000
3350,1617378205000
3351,1617378205000
3352,1617378205000
3353,1617378205000
3354,1617378205000
3355,1617378205000
3356,1617378205000
3357,1617378205000
3358,1617378205000
3359,1617378205000
3360,1617378205000
3361,1617378205000
3362,1617378205000
3363,1617378205000
3364,1617378205000
3365,1617378205000
3366,1617378205000
3367,1617378205000
3368,1617378205000
3369,1617378205000
3370,1617378205000
3371,1617378205000
3372,1617378205000
3373,1617378205000
3374,1617378205000
3375,1617378205000
3376,1617378205000
3377,1617378205000
3378,1617378205000
3379,1617378205000
3380,1617378205000
3381,1617378205000
3382,1617378205000
3383,1617378205000
3384,1617378205000
3385,1617378205000
3386,1617378205000
3387,1617378205000
3388,1617378205000
3389,1617378205000
3390,1617378205000
3391,1617378205000
3392,1617378205000
3393,1617378205000
3394,1617378205000
3395,1617378205000
3396,1617378205000
3397,1617378205000
3398,1617378205000
3399,1617378205000
3400,1617378205000
3401,1617378205000
3402,1617378205000
3403,1617378205000
3404,1617378205000
3405,1617378205000
3406,1617378205000
3407,1617378205000
3408,1617378205000
3409,1617378205000
3410,1617378205000
3411,1617378205000
3412,1617378205000
3413,1617378205000
3414,1617378205000
3415,1617378205000
3416,1617378205000
3417,1617378205000
3418,1617378205000
3419,1617378205000
3420,1617378205000
3421,1617378205000
3422,1617378205000
3423,1617378205000
3424,1617378205000
3425,1617378205000
3426,1617378205000
3427,1617378205000
3428,1617378205000
3429,1617378205000
3430,1617378205000
3431,1617378205000
3432,1617378205000
3433,1617378205000
3434,1617378205000
3435,1617378205000
3436,1617378205000
3437,1617378205000
3438,1617378205000
3439,1617378205000
3440,1617378205000
3441,1617378205000
3442,1617378205000
3443,1617378205000
3444,1617378205000
3445,1617378205000
3446,1617378205000
3447,1617378205000
3448,1617378205000
3449,1617378205000
3450,1617378205000
3451,1617378205000
3452,1617378205000
3453,1617378205000
3454,1617378205000
3455,1617378205000
3456,1617378205000
3457,1617378205000
3458,1617378205000
3459,1617378205000
3460,1617378205000
3461,1617378205000
3462,1617378205000
3463,1617378205000
3464,1617378205000
3465,1617378205000
3466,1617378205000
3467,1617378205000
3468,1617378205000
3469,1617378205000
3470,1617378205000
3471,1617378205000
3472,1617378205000
3473,1617378205000
3474,1617378205000
3475,1617378205000
3476,1617378205000
3477,1617378205000
3478,1617378205000
3479,1617378205000
3480,1617378205000
3481,1617378205000
3482,1617378205000
3483,1617378205000
3484,1617378205000
3485,1617378205000
3486,1617378205000
3487,1617378205000
3488,1617378205000
3489,1617378205000
3490,1617378205000
3491,1617378205000
3492,1617378205000
3493,1617378205000
3494,1617378205000
3495,1617378205000
3496,1617378205000
3497,1617378205000
3498,1617378205000
3499,1617378205000
3500,1617378205000
3501,1617378205000
3502,1617378205000
3503,1617378205000
3504,1617378205000
3505,1617378205000
3506,1617378205000
3507,1617378205000
3508,1617378205000
3509,1617378205000
3510,1617378205000
3511,1617378205000
3512,1617378205000
3513,1617378205000
3514,1617378205000
3515,1617378205000
3516,1617378205000
3517,1617378205000
3518,1617378205000
3519,1617378205000
3520,1617378205000
3521,1617378205000
3522,1617378205000
3523,1617378205000
3524,1617378205000
3525,1617378205000
3526,1617378205000
3527,1617378205000
3528,1617378205000
3529,1617378205000
3530,1617378205000
3531,1617378205000
3532,1617378205000
3533,1617378205000
3534,1617378205000
3535,1617378205000
3536,1617378205000
3537,1617378288000
3538,1617378369000
3539,1617378448000
3540,1617378527000
3541,1617378606000
3542,1617378686000
3543,1617378765000
3544,1617378844000
3545,1617378927000
3546,1617379011000