0,1543881267000
1,1543927255000
2,1544397652000
3,1544735392000
4,1545415164000
5,1545482963000
6,1547000411000
7,1547044701000
8,1547210338000
9,1547272681000
10,1547341857000
11,1547515439000
12,1547607944000
13,1548853015000
14,1549289033000
15,1549630115000
16,1549643049000
17,1550145111000
18,1550237517000
19,1550366975000
20,1551055415000
21,1551315552000
22,1551923031000
23,1552736329000
24,1553177401000
25,1553674209000
26,1553824878000
27,1554124493000
28,1554831704000
29,1556070185000
30,1556162500000
31,1556976280000
32,1557583250000
33,1557598354000
34,1557924621000
35,1558011155000
36,1558358387000
37,1559399363000
38,1559995059000
39,1560000943000
40,1560477255000
41,1560731704000
42,1560767903000
43,1561252510000
44,1561730123000
45,1561812679000
46,1561897925000
47,1562331680000
48,1562380241000
49,1562505331000
50,1562640356000
51,1562640356000
52,1563062561000
53,1563241826000
54,1563714001000
55,1563972200000
56,1564369928000
57,1564624175000
58,1565312604000
59,1565746118000
60,1566044941000
61,1566478930000
62,1566484217000
63,1566878013000
64,1567822526000
65,1568163799000
66,1568256235000
67,1568419410000
68,1568728475000
69,1568917818000
70,1569503242000
71,1570036082000
72,1570197607000
73,1570255761000
74,1570586971000
75,1570674972000
76,1572013556000
77,1572285910000
78,1572435536000
79,1572998789000
80,1573351639000
81,1573410879000
82,1574300196000
83,1574446978000
84,1575205847000
85,1575211925000
86,1575254197000
87,1575802876000
88,1575856005000
89,1576029354000
90,1576647029000
91,1577035003000
92,1577976139000
93,1578839150000
94,1579148210000
95,1579718526000
96,1579834815000
97,1580076232000
98,1580127524000
99,1581087701000
100,1582005551000
101,1582024624000
102,1582512420000
103,1583451402000
104,1584620967000
105,1584750448000
106,1584800478000
107,1584923893000
108,1585054640000
109,1585407546000
110,1586653051000
111,1587562690000
112,1587824812000
113,1587998492000
114,1588583213000
115,1591711114000
116,1592365150000
117,1592399158000
118,1592442005000
119,1592486033000
120,1592794472000
121,1593875065000
122,1595018821000
123,1595038149000
124,1595076743000
125,1596110368000
126,1596761700000
127,1597413209000
128,1597975840000
129,1598062875000
130,1598236412000
131,1599618290000
132,1599680333000
133,1599749190000
134,1600952295000
135,1601173951000
136,1602079662000
137,1602253177000
138,1602501805000
139,1603151528000
140,1603764582000
141,1604452565000
142,1604456532000
143,1604496683000
144,1604843691000
145,1605052940000
146,1605233377000
147,1605233377000
148,1605580202000
149,1606435996000
150,1606794497000
151,1607260974000
152,1607954597000
153,1608300365000
154,1608418602000
155,1608511876000
156,1608604272000
157,1608864667000
158,1609378999000
159,1609558228000
160,1610246450000
161,1611535856000
162,1612274186000
163,1612280478000
164,1613048871000
165,1613222140000
166,1613303349000
167,1614330818000
168,1614690575000
169,1615340606000
170,1615644923000
171,1615899160000
172,1616905759000
173,1617076604000
174,1617200083000
175,1617281321000
176,1617763015000
177,1617936670000
178,1617936670000
179,1618663086000
180,1618911987000
181,1619653687000
182,1620180003000
183,1620613526000
184,1621779318000
185,1621995312000
186,1624232992000
187,1626423415000
188,1626742221000
189,1626786255000
190,1626834631000
191,1626888341000
192,1627040547000
193,1627046490000
194,1627219833000
195,1627349015000
196,1627869355000
197,1628216328000
198,1628229923000
199,1628341435000
200,1628688331000
201,1630378691000
202,1630378691000
203,1630800527000
204,1630893141000
205,1631240118000
206,1632367341000
207,1632730652000
208,1632876057000
209,1633353877000
210,1633662355000
211,1633960844000
212,1634176650000
213,1634302004000
214,1635163356000
215,1635638218000
216,1635862873000
217,1636111477000
218,1636897717000
219,1637492955000
220,1638315718000
221,1638674187000
222,1638928592000
223,1638930434000
224,1638972802000
225,1639106937000
226,1639400320000
227,1639703224000
228,1639957656000
229,1640115021000
230,1640570278000
231,1640657079000
232,1641735916000
233,1642044275000
234,1642306216000
235,1642510278000
236,1642776130000
237,1643025968000
238,1643069175000
239,1644280990000
240,1644801433000
241,1644807033000
242,1645061518000
243,1645581691000
244,1645620065000
245,1646356173000
246,1646394577000
247,1646507817000