0,1625319987000
1,1625319987000
2,1625319987000
3,1625319987000
4,1625319987000
5,1625319987000
6,1625319987000
7,1625319987000
8,1625319987000
9,1625319987000
10,1625319987000
11,1625319987000
12,1625319987000
13,1625319987000
14,1627110250000
15,1627110250000
16,1629320996000
17,1629320996000
18,1631678340000
19,1631678340000
20,1631678340000
21,1631678340000
22,1635546986000
23,1635546986000
24,1635546986000
25,1635772053000
26,1635772053000
27,1635772053000
28,1636179266000
29,1636179266000
30,1641166035000
31,1642669200000
32,1642744000000